c_Distance(0,0,0).
c_Distance(0,1,1000).
c_Distance(0,2,2000).
c_Distance(0,3,3000).
c_Distance(0,4,4000).
c_Distance(0,5,5000).
c_Distance(0,6,6000).
c_Distance(0,7,7000).
c_Distance(0,8,8000).
c_Distance(0,9,9000).
c_Distance(0,10,10000).
c_Distance(0,11,11000).
c_Distance(0,12,12000).
c_Distance(0,13,13000).
c_Distance(0,14,14000).
c_Distance(0,15,15000).
c_Distance(0,16,16000).
c_Distance(0,17,17000).
c_Distance(0,18,18000).
c_Distance(0,19,19000).
c_Distance(0,20,20000).
c_Distance(1,0,1000).
c_Distance(1,1,1415).
c_Distance(1,2,2237).
c_Distance(1,3,3163).
c_Distance(1,4,4124).
c_Distance(1,5,5100).
c_Distance(1,6,6083).
c_Distance(1,7,7072).
c_Distance(1,8,8063).
c_Distance(1,9,9056).
c_Distance(1,10,10050).
c_Distance(1,11,11046).
c_Distance(1,12,12042).
c_Distance(1,13,13039).
c_Distance(1,14,14036).
c_Distance(1,15,15034).
c_Distance(1,16,16032).
c_Distance(1,17,17030).
c_Distance(1,18,18028).
c_Distance(1,19,19027).
c_Distance(1,20,20025).
c_Distance(2,0,2000).
c_Distance(2,1,2237).
c_Distance(2,2,2829).
c_Distance(2,3,3606).
c_Distance(2,4,4473).
c_Distance(2,5,5386).
c_Distance(2,6,6325).
c_Distance(2,7,7281).
c_Distance(2,8,8247).
c_Distance(2,9,9220).
c_Distance(2,10,10199).
c_Distance(2,11,11181).
c_Distance(2,12,12166).
c_Distance(2,13,13153).
c_Distance(2,14,14143).
c_Distance(2,15,15133).
c_Distance(2,16,16125).
c_Distance(2,17,17118).
c_Distance(2,18,18111).
c_Distance(2,19,19105).
c_Distance(2,20,20100).
c_Distance(3,0,3000).
c_Distance(3,1,3163).
c_Distance(3,2,3606).
c_Distance(3,3,4243).
c_Distance(3,4,5000).
c_Distance(3,5,5831).
c_Distance(3,6,6709).
c_Distance(3,7,7616).
c_Distance(3,8,8545).
c_Distance(3,9,9487).
c_Distance(3,10,10441).
c_Distance(3,11,11402).
c_Distance(3,12,12370).
c_Distance(3,13,13342).
c_Distance(3,14,14318).
c_Distance(3,15,15298).
c_Distance(3,16,16279).
c_Distance(3,17,17263).
c_Distance(3,18,18249).
c_Distance(3,19,19236).
c_Distance(3,20,20224).
c_Distance(4,0,4000).
c_Distance(4,1,4124).
c_Distance(4,2,4473).
c_Distance(4,3,5000).
c_Distance(4,4,5657).
c_Distance(4,5,6404).
c_Distance(4,6,7212).
c_Distance(4,7,8063).
c_Distance(4,8,8945).
c_Distance(4,9,9849).
c_Distance(4,10,10771).
c_Distance(4,11,11705).
c_Distance(4,12,12650).
c_Distance(4,13,13602).
c_Distance(4,14,14561).
c_Distance(4,15,15525).
c_Distance(4,16,16493).
c_Distance(4,17,17465).
c_Distance(4,18,18440).
c_Distance(4,19,19417).
c_Distance(4,20,20397).
c_Distance(5,0,5000).
c_Distance(5,1,5100).
c_Distance(5,2,5386).
c_Distance(5,3,5831).
c_Distance(5,4,6404).
c_Distance(5,5,7072).
c_Distance(5,6,7811).
c_Distance(5,7,8603).
c_Distance(5,8,9434).
c_Distance(5,9,10296).
c_Distance(5,10,11181).
c_Distance(5,11,12084).
c_Distance(5,12,13000).
c_Distance(5,13,13929).
c_Distance(5,14,14867).
c_Distance(5,15,15812).
c_Distance(5,16,16764).
c_Distance(5,17,17721).
c_Distance(5,18,18682).
c_Distance(5,19,19647).
c_Distance(5,20,20616).
c_Distance(6,0,6000).
c_Distance(6,1,6083).
c_Distance(6,2,6325).
c_Distance(6,3,6709).
c_Distance(6,4,7212).
c_Distance(6,5,7811).
c_Distance(6,6,8486).
c_Distance(6,7,9220).
c_Distance(6,8,10000).
c_Distance(6,9,10817).
c_Distance(6,10,11662).
c_Distance(6,11,12530).
c_Distance(6,12,13417).
c_Distance(6,13,14318).
c_Distance(6,14,15232).
c_Distance(6,15,16156).
c_Distance(6,16,17089).
c_Distance(6,17,18028).
c_Distance(6,18,18974).
c_Distance(6,19,19925).
c_Distance(6,20,20881).
c_Distance(7,0,7000).
c_Distance(7,1,7072).
c_Distance(7,2,7281).
c_Distance(7,3,7616).
c_Distance(7,4,8063).
c_Distance(7,5,8603).
c_Distance(7,6,9220).
c_Distance(7,7,9900).
c_Distance(7,8,10631).
c_Distance(7,9,11402).
c_Distance(7,10,12207).
c_Distance(7,11,13039).
c_Distance(7,12,13893).
c_Distance(7,13,14765).
c_Distance(7,14,15653).
c_Distance(7,15,16553).
c_Distance(7,16,17465).
c_Distance(7,17,18385).
c_Distance(7,18,19314).
c_Distance(7,19,20249).
c_Distance(7,20,21190).
c_Distance(8,0,8000).
c_Distance(8,1,8063).
c_Distance(8,2,8247).
c_Distance(8,3,8545).
c_Distance(8,4,8945).
c_Distance(8,5,9434).
c_Distance(8,6,10000).
c_Distance(8,7,10631).
c_Distance(8,8,11314).
c_Distance(8,9,12042).
c_Distance(8,10,12807).
c_Distance(8,11,13602).
c_Distance(8,12,14423).
c_Distance(8,13,15265).
c_Distance(8,14,16125).
c_Distance(8,15,17000).
c_Distance(8,16,17889).
c_Distance(8,17,18789).
c_Distance(8,18,19698).
c_Distance(8,19,20616).
c_Distance(8,20,21541).
c_Distance(9,0,9000).
c_Distance(9,1,9056).
c_Distance(9,2,9220).
c_Distance(9,3,9487).
c_Distance(9,4,9849).
c_Distance(9,5,10296).
c_Distance(9,6,10817).
c_Distance(9,7,11402).
c_Distance(9,8,12042).
c_Distance(9,9,12728).
c_Distance(9,10,13454).
c_Distance(9,11,14213).
c_Distance(9,12,15000).
c_Distance(9,13,15812).
c_Distance(9,14,16644).
c_Distance(9,15,17493).
c_Distance(9,16,18358).
c_Distance(9,17,19236).
c_Distance(9,18,20125).
c_Distance(9,19,21024).
c_Distance(9,20,21932).
c_Distance(10,0,10000).
c_Distance(10,1,10050).
c_Distance(10,2,10199).
c_Distance(10,3,10441).
c_Distance(10,4,10771).
c_Distance(10,5,11181).
c_Distance(10,6,11662).
c_Distance(10,7,12207).
c_Distance(10,8,12807).
c_Distance(10,9,13454).
c_Distance(10,10,14143).
c_Distance(10,11,14867).
c_Distance(10,12,15621).
c_Distance(10,13,16402).
c_Distance(10,14,17205).
c_Distance(10,15,18028).
c_Distance(10,16,18868).
c_Distance(10,17,19724).
c_Distance(10,18,20592).
c_Distance(10,19,21471).
c_Distance(10,20,22361).
c_Distance(11,0,11000).
c_Distance(11,1,11046).
c_Distance(11,2,11181).
c_Distance(11,3,11402).
c_Distance(11,4,11705).
c_Distance(11,5,12084).
c_Distance(11,6,12530).
c_Distance(11,7,13039).
c_Distance(11,8,13602).
c_Distance(11,9,14213).
c_Distance(11,10,14867).
c_Distance(11,11,15557).
c_Distance(11,12,16279).
c_Distance(11,13,17030).
c_Distance(11,14,17805).
c_Distance(11,15,18602).
c_Distance(11,16,19417).
c_Distance(11,17,20249).
c_Distance(11,18,21096).
c_Distance(11,19,21955).
c_Distance(11,20,22826).
c_Distance(12,0,12000).
c_Distance(12,1,12042).
c_Distance(12,2,12166).
c_Distance(12,3,12370).
c_Distance(12,4,12650).
c_Distance(12,5,13000).
c_Distance(12,6,13417).
c_Distance(12,7,13893).
c_Distance(12,8,14423).
c_Distance(12,9,15000).
c_Distance(12,10,15621).
c_Distance(12,11,16279).
c_Distance(12,12,16971).
c_Distance(12,13,17692).
c_Distance(12,14,18440).
c_Distance(12,15,19210).
c_Distance(12,16,20000).
c_Distance(12,17,20809).
c_Distance(12,18,21634).
c_Distance(12,19,22473).
c_Distance(12,20,23324).
c_Distance(13,0,13000).
c_Distance(13,1,13039).
c_Distance(13,2,13153).
c_Distance(13,3,13342).
c_Distance(13,4,13602).
c_Distance(13,5,13929).
c_Distance(13,6,14318).
c_Distance(13,7,14765).
c_Distance(13,8,15265).
c_Distance(13,9,15812).
c_Distance(13,10,16402).
c_Distance(13,11,17030).
c_Distance(13,12,17692).
c_Distance(13,13,18385).
c_Distance(13,14,19105).
c_Distance(13,15,19850).
c_Distance(13,16,20616).
c_Distance(13,17,21401).
c_Distance(13,18,22204).
c_Distance(13,19,23022).
c_Distance(13,20,23854).
c_Distance(14,0,14000).
c_Distance(14,1,14036).
c_Distance(14,2,14143).
c_Distance(14,3,14318).
c_Distance(14,4,14561).
c_Distance(14,5,14867).
c_Distance(14,6,15232).
c_Distance(14,7,15653).
c_Distance(14,8,16125).
c_Distance(14,9,16644).
c_Distance(14,10,17205).
c_Distance(14,11,17805).
c_Distance(14,12,18440).
c_Distance(14,13,19105).
c_Distance(14,14,19799).
c_Distance(14,15,20519).
c_Distance(14,16,21261).
c_Distance(14,17,22023).
c_Distance(14,18,22804).
c_Distance(14,19,23601).
c_Distance(14,20,24414).
c_Distance(15,0,15000).
c_Distance(15,1,15034).
c_Distance(15,2,15133).
c_Distance(15,3,15298).
c_Distance(15,4,15525).
c_Distance(15,5,15812).
c_Distance(15,6,16156).
c_Distance(15,7,16553).
c_Distance(15,8,17000).
c_Distance(15,9,17493).
c_Distance(15,10,18028).
c_Distance(15,11,18602).
c_Distance(15,12,19210).
c_Distance(15,13,19850).
c_Distance(15,14,20519).
c_Distance(15,15,21214).
c_Distance(15,16,21932).
c_Distance(15,17,22672).
c_Distance(15,18,23431).
c_Distance(15,19,24208).
c_Distance(15,20,25000).
c_Distance(16,0,16000).
c_Distance(16,1,16032).
c_Distance(16,2,16125).
c_Distance(16,3,16279).
c_Distance(16,4,16493).
c_Distance(16,5,16764).
c_Distance(16,6,17089).
c_Distance(16,7,17465).
c_Distance(16,8,17889).
c_Distance(16,9,18358).
c_Distance(16,10,18868).
c_Distance(16,11,19417).
c_Distance(16,12,20000).
c_Distance(16,13,20616).
c_Distance(16,14,21261).
c_Distance(16,15,21932).
c_Distance(16,16,22628).
c_Distance(16,17,23346).
c_Distance(16,18,24084).
c_Distance(16,19,24840).
c_Distance(16,20,25613).
c_Distance(17,0,17000).
c_Distance(17,1,17030).
c_Distance(17,2,17118).
c_Distance(17,3,17263).
c_Distance(17,4,17465).
c_Distance(17,5,17721).
c_Distance(17,6,18028).
c_Distance(17,7,18385).
c_Distance(17,8,18789).
c_Distance(17,9,19236).
c_Distance(17,10,19724).
c_Distance(17,11,20249).
c_Distance(17,12,20809).
c_Distance(17,13,21401).
c_Distance(17,14,22023).
c_Distance(17,15,22672).
c_Distance(17,16,23346).
c_Distance(17,17,24042).
c_Distance(17,18,24759).
c_Distance(17,19,25496).
c_Distance(17,20,26249).
c_Distance(18,0,18000).
c_Distance(18,1,18028).
c_Distance(18,2,18111).
c_Distance(18,3,18249).
c_Distance(18,4,18440).
c_Distance(18,5,18682).
c_Distance(18,6,18974).
c_Distance(18,7,19314).
c_Distance(18,8,19698).
c_Distance(18,9,20125).
c_Distance(18,10,20592).
c_Distance(18,11,21096).
c_Distance(18,12,21634).
c_Distance(18,13,22204).
c_Distance(18,14,22804).
c_Distance(18,15,23431).
c_Distance(18,16,24084).
c_Distance(18,17,24759).
c_Distance(18,18,25456).
c_Distance(18,19,26173).
c_Distance(18,20,26908).
c_Distance(19,0,19000).
c_Distance(19,1,19027).
c_Distance(19,2,19105).
c_Distance(19,3,19236).
c_Distance(19,4,19417).
c_Distance(19,5,19647).
c_Distance(19,6,19925).
c_Distance(19,7,20249).
c_Distance(19,8,20616).
c_Distance(19,9,21024).
c_Distance(19,10,21471).
c_Distance(19,11,21955).
c_Distance(19,12,22473).
c_Distance(19,13,23022).
c_Distance(19,14,23601).
c_Distance(19,15,24208).
c_Distance(19,16,24840).
c_Distance(19,17,25496).
c_Distance(19,18,26173).
c_Distance(19,19,26871).
c_Distance(19,20,27587).
c_Distance(20,0,20000).
c_Distance(20,1,20025).
c_Distance(20,2,20100).
c_Distance(20,3,20224).
c_Distance(20,4,20397).
c_Distance(20,5,20616).
c_Distance(20,6,20881).
c_Distance(20,7,21190).
c_Distance(20,8,21541).
c_Distance(20,9,21932).
c_Distance(20,10,22361).
c_Distance(20,11,22826).
c_Distance(20,12,23324).
c_Distance(20,13,23854).
c_Distance(20,14,24414).
c_Distance(20,15,25000).
c_Distance(20,16,25613).
c_Distance(20,17,26249).
c_Distance(20,18,26908).
c_Distance(20,19,27587).
c_Distance(20,20,28285).
